$ANSIBLE_VAULT;1.1;AES256
61663232376438333638343064376631336639623761636330313834323035633439323837643736
3566356364326632343861303065306337313664373936630a643964353936303566393232306332
34333839636565353738393061373136366266613538643238613539663665623864313761353235
3336616661666437310a346663303966313834356334366133303966393065373432343761343361
31656238336132396236616462666538376532376465626162646333393865303138323461336162
37303034326631663938393231646632383933313663323965623233333432383663373639636366
64646232326563663664336334373631633936393366323434633339343239316662313535663130
30326262353961633063633039643532383166353836646139623864353737346464346231366531
37393531323037383737643763336634343732326261363332336563663963373433363963303936
62396139366235323862633435643065353165376433633238633732336232386363353330643939
35343631323538616261313863303162363136313136623863646433623338363564386663623764
39623839633130636430616134393038643362343761343431353662333133306464346666313762
30613464336435656363383366306134383831653466656464363937393739393231656366666438
34383563313439366334663364633036656165663166336437666263373139313262386432653533
33356134366134336232616334323166303535656532633833333066333438376134383437393361
66626662333432353733363961323461363663626531653461626337353462623662636536383731
37383962343738306537646138303263363233613830346466653832303232356336
