$ANSIBLE_VAULT;1.1;AES256
32656333366164663734323033616365356236626362653561623063306337383161323236636466
3866376662396337643265623030366634316165383035310a323532366566316132613265633364
63366235316535303061633730383862393836653066353131396262633066303066303631633134
6130363462663161390a363964633535303861303738396139623934663032393666333334393637
66633636366265323538666564616536623463643833646337663734396430363734396634666265
37363037333162616363613765313038306436656133343134376237363862656165343535613236
66323130386665636537343732313561353435323730613964313034636439346435666334323866
62313666353563343561303464643165383961333432353739353239623830346134373965316137
66663932663562646565306633643639343961343639646630316164306533323863306537653237
30626662343061653265633566376533353262363563383638346461363232346332656338313763
66393866653634306339363439396434613835343230353233616465653765353363306431393436
37343338346366646161356439663030396133313630363165306637643064363336393961303063
37383663656131306630346166316538633961303438343838373133316632323661373034323034
36363765643262376335653034336333366331326564643335393263313566626533396264643937
37653661616535343832316135356363323164643463626262333333643765666334386430396130
62666333383830343364396262376336326132343636653333313039616164356230666165633030
39363534366639316339376635366437366364303831303163303137656565386165643562383864
66376166326330313835653362326439663430366266663866386661323262616138306565323262
39656636363932656538653863393733373135626239616637623137363961303938313564386430
33373134313334386566656261313566393365353233373366356631663561636435656265396633
35306365366231316135323161623663653361316238386530333937366430383637396336356264
65393732633037316262306366383037336563316562353966353832643031666636633732626532
34653936303662366139313534623939316362363237303262303339666139353235656264646338
38303763623166613362663235396239623633616233336136386364633137336133396266376562
34303631373139383535663636663036383864376566613366303632613839343163393638333631
30336638636264363562333635666232323430663962366230383937636632396466653964313462
65333337313463333537333339396330316632373734396662643161303361306334343461383238
63366561643737373739373964653961316533663531353738316563363130323233303864636461
34343237346638663465356139653365313637386234623832393965663230343266316663613733
38376238346131393462363963366465666137633131663366343438336137306464376236303466
34356366633661326133643130323338383330613366336537313538623562663035316337393933
61303865346135383961366663383536303233326466303733373138333333303139353837313264
65626232313030376664353665393435393231383637386464393539363734303435613136353435
38366235623930363036306164383536353538313264636266303936356366346363393266663937
61313033353037646266346461366361613731666664643662626264613532376135343763353635
35356639323630313531636464666238366330303030343131393530643730313431336437373034
34613837633534613266363532663766613566626330313964646166333338353239303034656139
63343063396139666331356638613331383730346666326366363965343434613935303666626662
36376436643131623065343961356332653065626235396563623461636466353739383262626431
30373936383333346134353931343864643733326336363662376461643130346465333830663238
33343935323233383935333661613164336633396538643963386563346639613765663836303630
62326431303234303864646164356533636266396437303461663736303137313535363463666231
30653765396235666632306266376232303737333731613937613032336638343439383763353566
38653336613236376431306232616661643263333632396634363535323265353437333637316165
38366239376133363033613662316462326232306463323132616538666366656338363964363234
66353939636636343438623765346435396563613261383034653931316133303430333938626335
66383961306434396130656666623933393162386564313663313266313461383030303665303261
38383635306665666639366235303565306365626230316266633164613433646433353561613036
64636333343364353831343363323839633031656366306137303936396266383338353364623535
30376635653131356135613239313264343266366461333330653737616332623630396239656536
32653033323764653365356565343634396261353064613137643334613064376663613330636331
38393965326661666266356230613932326639306232333637386131663665363730646336333537
32366266323532306533383432313235333939376337353739353237376437353039336330323238
62643338666561353166363662316464383333663835623935643263333439323338653332613966
34613233373364323036366533353532396538616130613337346366656438383566353033326439
38303261333835626639396163383535326136393065373935333736336135343032616161383739
36366135616664656362353966366531323030396162323536303433373638343135646430643237
64343133653132393632326232383731646566626331353137623136643966333733356331313032
31383364623435313661643933356166346236393839326333656538363062376231333931333131
62326233323038313634313264323931663832363061336363363062633738333561373266336437
35376662653264313462383564363737333136313739313032666135386563623039326363663265
64626430626432313531616634646236346164306233386531646364333766653266613338633264
34323763353564643032326339306662316434373335363965303964653733323465356261313937
39636138346138616639653439346162303764336162663961356164313538636237383035353032
38393737663363633461386165623338343832633339376661353232613762366262656663643366
63356236393131303631303265613831376339313335333435386466326632643165343937666634
64633638636566613531613736663239393131326333623039396162373465373236666635653330
32373637663132613063336132366136623931383462353836633565396339336364393661376339
65306465343833376534653939653538636538326463333839333837616334386130373862373134
30663763393362666561613966663235363063343336633935633564376231316266303065666530
36613035323761303734613832623932616565653835396230376332383636393630643637353236
66323931643639383262373633393530333664626561323138333664373963396537323232343764
38636234356538613436396161326632636537306663643564383636343964333634383836613663
63363732653366336530393563343937633538393863663439653931616336373436656334656534
33316362393334613339666632306261323066336165303565316435626435363637386366333264
30383532363234303361393838616263313837343538646464383766613736313136643232316533
34373663346431386562656430323239333465336463386462363933383939663561656434663531
35663437663462373464383934666237396634353834643238393237623930656236623165613165
62316264616433626637613864383039633830366335373137646234366633383030626263373831
63666331663561616362386665356332313635373664616661353266336665623762663535343661
63313532623932393438633437376234353364653636313234633930663739303439643130663338
64333931366664333765613437363766346534626334393632393339656264383061646336366332
30366631343731396236656238623134306164393864386334373530333864383464623536356339
63616561376330636265303233666635396661323139636338616436656635356139313133633336
39363535303837633537643335623932306136643633313466653964636138613538383033323265
38633435373435643038663839336532623630376235663432333263616464653664363538653834
33303331393337396565363930363830623638626433343366643830346635356162363961316536
35343764323436613432616434373766316335393237323166316533386639336634363734346265
34653037376437383165336132326164333136333535363331393934326461333938366231653666
64366264333637663161303232636666333933623965386230623936383839313432373166393462
38373562663836636635363139303862656433333261373533363061616231643166333365356163
65333964383439323937626336333864656539643135346661366365666337633233656331633531
66336436633436666432366339386132376430333161353763323762353938333263616661303638
61376339363332613431383534633265623030356466616265303433646239356632353138373136
34373135616235306430396533316639323838653832326563303066396630316230633533323730
38343739323533613330613462393865633163343532313132383632666262396663613561353465
30333837366662333334333730663236363137366339376438386539663335373661303539363331
64376431373838326466343230363631666635313965343832643862386465333834616361303439
34666530613632323661313837336238353065333566623437643664303431313666353430323232
63666631366465663633613062353961333231373231353832646562623365316564333535376630
32663132376564356632346266323664353163626439373464626435313138363966653338343233
61353161616663303339386566646466383735333935346437636163623938313866306266643062
34623831623031633234376232393139393465366363386431623937303136346434373563393862
30356632633365636662636636313762333063343364393238663333633664636537663766666365
32663333376631333834653565626165326431373134346461396235393935616466303165376261
33383539663235623638366663343533303831386663333032343939373831363837353933303838
66363361303065643366323930326266373434343833303332666132636264393135626561353630
35363061613131643138656231633865303162666239306665313564663961376463366633653338
32363337643361336432376439653662646139383435303466633937373361333330366661336133
31653338643163616236663031303839303534333433643563653739643230333765373734333133
31633736626133613831623538633234363536303562303762636364346464343461663565613561
62623535393862313731313335653961366562326265316366316337386332373635613636313961
33633863383338656438353166363263313334313731376263633765383463323466633261316135
62386264376465616561333062646533383164633538663436333031313864646465366265356134
39393439626230613931306531396230313163336465356532376663636662323261393863386339
37656361316239663063353361383931666338373538316562656161353833316236306630366233
37343165613732303433383961643864353061623036643233393530333734323230626633303939
31626230616238343466363561643231313433346464393931633532393863633433303636626365
32623966653265613162303034383135326639343231386139656163393736303030386264373538
33326666303633616438326533613439646638393130383832326564396235643631386432376330
39623765336330346135373537653766393030356532656466393633353332316231366538633137
61613439323261343536646662636236346533653235363066333862613061636230616166306563
37623932323463383837623362383034356333313733376137366332303266306534333238616432
32306436636137373138333432643430313633393032653332343861343731333334623062663461
35656539643432366136393964333363323032373936383637336432636638303638386461306338
64383536313132326631366263323035323233376164396264386430366265333336643664393962
64663139663237383664333632663761333434656234353263346162613263363630323333666130
39346262323262333430383830633464646234313032653537323933373166326439323538363631
65376466613036623365636562636430323039643061396462643836626536306162656633633161
63643736363063383638363162306561636237336435356335313631326464383136633632646464
33363865653238336564383766336530346435663663316137353066343935616535363463336630
61363463623735643831316339383835663932356633303965343565303631343636393266323261
39653565656363333364303265396163323266353334373266663938306436303966353866616237
64393664383765663137636234306164653763376436386366323838386630653430656438323034
36376633613164336336646161393562306338313162626266653231353333626635653365636233
31666332663935323362386266353463383430393261396431313961623465643362626237643336
37323139373462386661376539343363653132643432663165663066353535306337376563383932
66313934666664346339383131356136663364666130643532633539373435333133646662343163
66613335633430663661393634666666313865333139383831356162383037356536666665663531
61313138376332323737623935383262363132326434383030663661343565306662353531393761
35356465333066363438393731396135396463396161666632346330626665646562313862623834
65353737336465646636343932326135663033633735643932366266643066653531303436613133
37303739653732363437643264643932356234666539343665643532376636643664643636373961
34363466363335303235613861636533623664356130643033383836373836343633323363303465
31373237623233396537366265613336633132633763306437633233613631636562613562396234
65353637616366313330633939616561613038303131666330356337666366346234343035316336
30376230323736653863396463366431343362393734646334623237363661346430323061653837
35356164376537333737333763306537336363396632313131653233373338636436393064366438
62656237313730626630333862346538623162373962336461373836396139386134633764303465
32666665316566666562613634346366366435653338323963366539363635313163646531373264
33373639633939393432303933353835633362313632356433616639633063626463366131336334
31353533613934306463616664303266393262633364373937363162656535323261363437383662
63316161303730613664663533636338623664396235326437316262343366323466323939383131
30313062633634613763313234393430366464326635333162613364356534646232663338356536
32386362336433663532366537623163303766383461653334613031393939303430356362633333
30326261336633313665633965653937373030373735396439396438316265313665346366613238
66353433323534376161303836316339396334346633396130376462336439386536313733636336
30663730386666346465326262366633303330306266393362393636383537636632356538333462
35306238663065363162373865383465663835383333663038613536343466376266633631663738
37616262623865663462333337303532393437333938363131616434383862633631656161643637
36343732633564303031623938306438353164636436633035626165306534333761633562343037
61666133363739323537303863376233646131353365376364353438316562366534326230633633
38363863313963653237383963373661326230326462356266313063353838653331363639326565
66626437353262313263353235363831376132346333386634376430353739613839306235396238
35313965366163333732323439393038333838346461653864363962323664663861306462643766
36643830616266303866653038323238396366663765663530613762336262613066366666383736
61353361376364376334663336656137366432343562313365343065626231353137653634376265
37373638306363303461616532613235623264653137346538383132636664343062363834313735
65636230306433623036613363396131383064396138313432393539653332656162336435343736
62366631393161646534353466653439316463333132316263323965313662376563303632323631
32306361643161336432336230346338356133643831643739323039303566653364303135613665
61366466363665616464613462633539613030623337613430653936656137663661303864623338
34313466623737383835653332356562666266633133303565613936653563346564373832646361
6139333535653830333330316636613433623665393632323265
