$ANSIBLE_VAULT;1.1;AES256
61356230333339613265373564313332643262303164343935653162316330353035343636396134
3566366330333434363536633137373636366533356434330a383534316462343532663230323864
63613535653961396165303662306334343539353764373736616563643037323637303135626362
6630326161643339630a303762383261616636373435613239393162653837313230363363633062
32313539386630383735616262633432356461393739333737316238376364626633366233306634
66623563356163363633303937653836663930653561313331343438393638636634616563373736
32613633313064313231636633323166333665636434386635383933633632646532373731373130
63316461306635643239316435396638303633386362326662643031323435343162306361316331
64643235646230393030353365613865376530353463366663656363306534643664333830616461
34313562636464343133616536613839663039306334636165343434393130356262323765373865
39396535613230336330656638653636383231353061363335376464303465333135353161656430
34393861666134663863303161383861373434326661366131393566396339373139363662313637
37643138663634626237663930326562386336353539366161653039663438616432353037393563
61633030313661643035646265393466356135663939366231383531663035623131313061623139
64323930313034656639623963646536326137393437336235396131386439666535333937656465
33316134386532616661366166626264623064656331613232373434333462376630346631623365
36363635396132623736653539366334323932306464643637633930333130363734633464303731
33613034373739386333653966666362633264616564623566396165653139623661343030666664
32373138333335366431393564316366646263323966613736336563366533386561393530323039
30336633353134313864663038653862376263653932366465343334363833373634633634363930
33656235393862386365326231353935343163663362613361643063613261613335653231393164
66396536303136326632656539326239643664636266636130373532356665643539613166393763
61326333373965646539306133663231633535303064666662373362646133373138646361346136
62373235316236303933393235366332386265626362333335336564303663633935623335376361
31353630306166313936323465633636613332363930326531383465333639366361313761633263
30316230356439366664616433333362366433356439356564613439656335633034353964333236
61383533303533306230316436333233393833383861656236643163623532643839343563396639
34383338363531306638643236666639313862313538643033616462396137636362383163333534
63663730623262363163666235653839396237373734356562636361356532373261353033353435
38633066303766356361623035393436653337383936663963353066663962393937373432353939
36383461363265326638653136396538333130376463626562396265356363616234393730346133
31636464393138363231303164343665626662363834623062323162356363633662366661373764
62636365303139363332663361333637613036323966363963313836366663613761383938346338
64376565376434656434663863636538306135666363376539393632613665323032646463656161
39616337333363343237393736373730646230333134303564663665623731626437663266363963
38353238636438643634636338393236663366333932636431303133333830623235306365323438
35353565336433383663373736373131343732376632633864393232326262643761616332313737
33633365346537316431653635323561326633323339323561343561366663386561323834326537
39623538666236626134376134393437636262626661633838336631643064316634366331393037
39323433363632373130653864613662613532383432356438343831666136316463613864346632
65306431313036356435656166363863303434326463366130663164353164326135383965356564
31393238323761393933343737633066643436656234343064636531303061313663326330646238
66643366316539373037353337303435663939313730663335336365363434356230333438333638
34343130383035393065303531393165656432633139303632613331666536376166363863633463
66633264376436343836656634336533656564663862393131633134323437323633656138386435
36653962626364356134303765343162653832396136366331313537383564663461383632396265
33326362323832326431613866346638653035386537383863623531333137333766353366363936
61656663373439653965366265303365653036663366386563373236663134336430383839313532
62313234386238386662653961646362373436366133333830373364316665643233636561643831
64343539356332643137316138383166303865653264333631356437633434336338343361373134
39306537616337313264663861633365643064396464663839356261653165633462666235643763
32383461386664666439633833356630353934633961346166333634653966316636393863393833
64303762653663366331316230633936633837643837613836636637343732373934393738643134
66316131633461666231336534366337663261383539653165313431646237646134653936386230
64663132393930663663366138393330656666383830323932653436383663626531343735633835
35646365306663343030633332336439366133363932316534346531623362396633393237313239
61366534313861373061653739616338353539396164366334656333326630623161653036613263
61383766643266666637623561323362383561383763353634613164626136386538323964363963
39623434666636333665643662663233376530623933663938366135653463383934636338386331
32303134613037643538333037303635616438303735323432386662643330326136613265366361
62363938653334613466616665313539656235336566616633393761336361626130396139633535
32323334343539346231353936666535386134356230663862616633633034316232373830666638
35346233396633623765666539343539383131323763356566666132663238393433346438373935
37623235346331623066323135346365376236613836376234393935353731353033616532666261
61343030626461333735666531653063643837376238643063373739393166653130316631306335
38666165323137383534336266343436303961366534353634336235366464303034326463383934
31303361613761313232343131393633366664383761666635343564393332643061666336636330
65373335323932303339353230376364333730353364643665386532343461643262333765626161
30366131613939393138613033313664313636383961386261376666356636373536316266663630
35363330613033356336643738313032386462643165623565373336633861636330323838396336
64666333633665663235383865376366656137316437313438353638623935613864656235393035
35383662366662653662353237343766626561666636653637663265343233316630353033346331
63383237326162663561343130343731393034633566363331626335303937303331636136343539
35373561313963373836346336323936643434613062646637316663666261613465323562636530
30373637363463303866626536313639343231636466383664343834353938336433323561653834
32353137346561616464656335633237656631353131356139656165656338643935623161333338
37343238333439633466333537343832636136336164623031333661383137356332616536666333
34636231613663646165626363366433353130316661383666623666373236663639353234383932
35643138623162323266653739303136306438656461303033313030626134306530323530306532
62313563343163333132333865653566633234363630353236636634353731666639383666633439
38313665323730376637623831383566353535663831386361653966643738373534313534613936
65363132316466323430373138323133653365646538366637356534393836646337336437366538
34613038633061363462303562353766653933643464313062326133646165303035393938393461
33646532356164383132663632313063656364323636656165393230393430393234613539633431
63646331373830313530663838373434343933633133613833353234376562383030616163646564
62333638336232383831666163633730316539646430393130623738633061663265613730313431
32633163646534333666343032313265656361636637333665653635613833343237326231333931
38373364356334373730663039383633663530373538303739376134653633663164323533303934
37356439356431313766653439383236666632343133386666653030306334623434363735613939
65326539643262346530316535346164316637386564346564653234616330386331373533363039
34633638333133363163373236333133313436373431386265316163306234396334653934663662
64336630653435646438306636303864643232323334653465363232333430326338316634653066
66653338313032383962303639356661663637343138636166623732383362363062636132396433
37333239633331336165356333336337656134393137393233633933326232646461623535653035
30386339356137646530663261383264626663633436646435626531633266363562636132643132
38363066306563656433346434313864336332653464643639356462653763373764666633376333
33633566333538616435353566343134313830376239366238313030653765373562363466393438
35376531343734313566616333306235363463613834323231313230613930383436663736313237
37633438353561633839643666343766326166393735386463653232306239343633316236623761
34663839353832303866353664366633333835663663633239336233643838336538393764663766
65646538333736316434653231353032333062643562643234356663313033366334363062666331
65633331386336366362343130336535303239373731323361633662656664373030323266633163
61356537656638326163616538363537653234323765313663613361653138376134356133356231
37626538396261613035616135646261306533363236623131326463343365383036373331373834
61353839373530663338396266343662633864346361663666656466313137303834646365383636
64656466616231356165323862643136316131336164326637363562393236623534376163363132
32356462343663376437353362386230393964333533326163653131313638623962336436656236
64653963616433656235643061663731656636656461376564306630653436303333633537336632
63313630633030346461383335323935376438383233363832393436633330623031366333666462
66633137623938323163316662323465623366323166656663356537346239666139323034396566
36316266313030366634326632633430323764383931636636663461393239353665643861333865
36303432613466363762613262633563366538643438373533616433373038383865376163353635
64383963303235656163656235373633303439363866623763393263656630363864316564633437
33303535623636393562333238633965356664393161373336636235616362633363313838303331
64363137333163396535323262386632653933666561306335313337373536613438306538666461
36393037623638393862343264306364353734376634353431313837393662633734623964653737
61616536303864383366356636336137323066313965306430346166646262363634386633336261
66396264653933663735613330623736333037336536393031633262376135313065313537666439
32616266373535396439616336373764313334663766386433633234353161633965303135616537
35373838323261646134643066613238613638353435643764656166356365376336613134346139
33333935623631373530386433636431396636323432393462653362323934326634643838313666
31623761613937346636326130663532393830643364373130643563626139386634336161363263
36623661316337666466616330353762383432663462643238653938303332643239323563363265
33623937363962343033386634333632346435363761646634343661643038323830343464316236
63343334636266306662633038323762626237313536303739313137363130383063356634396136
31663761353735666666363463306136386339653665393361383737643862656338663634356666
36623938393961376238346438646232323933376436376638343031356231376335333531376238
39646262363962366638626432643465623363393638323435313366326433666230396362613066
35373564323735333631323537353363356264616164353232393832336364663335393965643831
37313639393231653762383065313337386632633934313565373661643238316535613731323131
65623530306638366462643763643466373730333761316436393261303861303232306335326265
66323134333737613836616166646164336462383337376235353366353030316564666633323466
38353436386539386337616336313662646531336239613965623030396434366434653431653730
66663463636466363231363563356334366338326532346435316364316433613339626162363932
62336637653032356530653536656165653366396530633539623538626237316431316339313964
32373338323166373733666333633638353163313638346530366663336565636136323839313365
34626632383366313465303966666164366664316235613966666332656635613936303039353932
62363635646638383734323762386332613163666363356433373132373731316230356163343864
34613532653033613136393937626262376365393430393537633136626438646336306531303864
39626166393839373266316131383832333062306462666533303136316338633133386330616336
63646139383231633565646338306264323461633432343830636632656466363035633239633535
34666338346132363739663431653137616666383936363236303266343832306633333630366237
35653566316233343030313735326538656265636662393365343336653366626163353464626530
34623865663435396465366662636635313632643339333139376365316561383233666431313536
66613038626632643064656664363836653532616531326335643865326331323732373264646562
33366439363364623838303962353533373831643936343164396461663139343638333361373762
37653031346666343133363465353461376134373331653335303231376233393239386330613536
34613039396132646339396534396365613963386132653131316136336431303130346262626236
32366437646238633863643735366338636161343830636665666462643131663034383564653661
36646362613463393430396236616434316164633161356136623833393865313235343230666535
66343439306637633163636563643362396330623237623333323730663730316237363062663333
33343162666234383365336331396333383233666232613233653832323437386265373139376636
31356363363664356561656262376435646131363439306531376363303464323462306161653165
32323165333765633034643963356239346134613730376132336264363439663931613461653437
61346662353834363532383637653735653639343966353534393461623566663530306632613362
37356631376133316532353065663163656631343132303161376432303466303335386463353031
65653531376362363833363864666634383066363135316664636137383837393231326637623733
38626464346162376462316463633238616137373936343166333935346538383564393536396364
33383736383361633065306466636136613836316463663066323063346333653262313834326665
30386462303365353663313135366562373066643536393535303533646266326339373366356465
39363635376162623061656563383066323539386531616664643361376138663939636337613265
61376232363961613066663336626564336164386435353164613863336532313031613831363366
31623362623237383662653532353166323066636666656234316637663739306263386536626666
61356533383166316631343133313639373662386564336331643332373732613366303730626136
32313635643061306138303766366265626462333334333634363366323132303233363066313938
62353439653930396630383839303737313762393836373462643263666431643038373337303433
61333464303036306463636265646466333061363166383535353534663039643635373864376533
64643064326638373032626461626531643266366634353463343536303139303664323436666631
34613139333433346136616531666434613938666164343732336436613535356135323534386366
63373565393433643837333164386632633837643035376362383439646431356434323862313036
63343266363436346435656232613865646165333966613465316531666564363937396166396339
62613236353637643664356263336335336437346266636532333736303665336436376163323034
33646335306336356132376261353437323336326633393663643164636631316633343162386165
3966653732396536353334613461363137616431366363663437
